CUSTOMER.NUM
101

VEHICLE
NUMBER		CAPACITY		F1COST		U1COST		FCCOST
20		200.0		1.0		1.0		200.0

CUSTOMER
CUST.NO		XCOORD		YCOORD		DEMAND
0		35.0		69.0		10.0
1		25.0		85.0		20.0
2		22.0		75.0		30.0
3		22.0		85.0		10.0
4		20.0		80.0		40.0
5		20.0		85.0		40.0
6		18.0		75.0		20.0
7		15.0		75.0		20.0
8		15.0		80.0		10.0
9		30.0		50.0		10.0
10		30.0		52.0		20.0
11		28.0		52.0		20.0
12		28.0		55.0		10.0
13		25.0		50.0		10.0
14		25.0		52.0		40.0
15		25.0		55.0		10.0
16		23.0		52.0		10.0
17		23.0		55.0		20.0
18		20.0		50.0		10.0
19		20.0		55.0		10.0
20		10.0		35.0		20.0
21		10.0		40.0		30.0
22		8.0		40.0		40.0
23		8.0		45.0		20.0
24		5.0		35.0		10.0
25		5.0		45.0		10.0
26		2.0		40.0		20.0
27		0.0		40.0		30.0
28		0.0		45.0		20.0
29		35.0		30.0		10.0
30		35.0		32.0		10.0
31		33.0		32.0		20.0
32		33.0		35.0		10.0
33		32.0		30.0		10.0
34		30.0		30.0		10.0
35		30.0		32.0		30.0
36		30.0		35.0		10.0
37		28.0		30.0		10.0
38		28.0		35.0		10.0
39		26.0		32.0		10.0
40		25.0		30.0		10.0
41		25.0		35.0		10.0
42		44.0		5.0		20.0
43		42.0		10.0		40.0
44		42.0		15.0		10.0
45		40.0		5.0		30.0
46		40.0		15.0		40.0
47		38.0		5.0		30.0
48		38.0		15.0		10.0
49		35.0		5.0		20.0
50		50.0		30.0		10.0
51		50.0		35.0		20.0
52		50.0		40.0		50.0
53		48.0		30.0		10.0
54		48.0		40.0		10.0
55		47.0		35.0		10.0
56		47.0		40.0		10.0
57		45.0		30.0		10.0
58		45.0		35.0		10.0
59		95.0		30.0		30.0
60		95.0		35.0		20.0
61		53.0		30.0		10.0
62		92.0		30.0		10.0
63		53.0		35.0		50.0
64		45.0		65.0		20.0
65		90.0		35.0		10.0
66		88.0		30.0		10.0
67		88.0		35.0		20.0
68		87.0		30.0		10.0
69		85.0		25.0		10.0
70		85.0		35.0		30.0
71		75.0		55.0		20.0
72		72.0		55.0		10.0
73		70.0		58.0		20.0
74		68.0		60.0		30.0
75		66.0		55.0		10.0
76		65.0		55.0		20.0
77		65.0		60.0		30.0
78		63.0		58.0		10.0
79		60.0		55.0		10.0
80		60.0		60.0		10.0
81		67.0		85.0		20.0
82		65.0		85.0		40.0
83		65.0		82.0		10.0
84		62.0		80.0		30.0
85		60.0		80.0		10.0
86		60.0		85.0		30.0
87		58.0		75.0		20.0
88		55.0		80.0		10.0
89		55.0		85.0		20.0


VEHICLE2
NUMBER		CAPACITY		F2COST		U2COST		FC2COST
10		200.0		1		1		1.0
10		240		1.24		1.24		1.24

DC.NO		XCOORD		YCOORD		CAPACITY		FIXED_COST
0		40.0		50.0
1		45.0		68.0		219.0		2471.0
2		45.0		70.0		231.0		2101.0
3		42.0		66.0		218.0		2371.0
4		42.0		68.0		221.0		2051.0
5		42.0		65.0		245.0		2171.0
6		40.0		69.0		233.0		2471.0
7		40.0		66.0		205.0		2191.0
8		38.0		68.0		247.0		2201.0
9		38.0		70.0		244.0		2471.0
10		35.0		66.0		232.0		2081.0
