CUSTOMER.NUM
101

VEHICLE
NUMBER		CAPACITY		F1COST		U1COST		FCCOST
20		200.0		1.0		1.0		200.0

CUSTOMER
CUST.NO		XCOORD		YCOORD		DEMAND
0		20.0		65.0		12.0
1		50.0		35.0		19.0
2		30.0		25.0		23.0
3		15.0		10.0		20.0
4		30.0		5.0		8.0
5		10.0		20.0		19.0
6		5.0		30.0		2.0
7		20.0		40.0		12.0
8		15.0		60.0		17.0
9		45.0		65.0		9.0
10		45.0		20.0		11.0
11		45.0		10.0		18.0
12		55.0		5.0		29.0
13		65.0		35.0		3.0
14		65.0		20.0		6.0
15		45.0		30.0		17.0
16		35.0		40.0		16.0
17		41.0		37.0		16.0
18		64.0		42.0		9.0
19		40.0		60.0		21.0
20		31.0		52.0		27.0
21		35.0		69.0		23.0
22		53.0		52.0		11.0
23		65.0		55.0		14.0
24		63.0		65.0		8.0
25		2.0		60.0		5.0
26		20.0		20.0		8.0
27		5.0		5.0		16.0
28		60.0		12.0		31.0
29		40.0		25.0		9.0
30		42.0		7.0		5.0
31		24.0		12.0		5.0
32		23.0		3.0		7.0
33		11.0		14.0		18.0
34		6.0		38.0		16.0
35		2.0		48.0		1.0
36		8.0		56.0		27.0
37		13.0		52.0		36.0
38		6.0		68.0		30.0
39		47.0		47.0		13.0
40		49.0		58.0		10.0
41		27.0		43.0		9.0
42		37.0		31.0		14.0
43		57.0		29.0		18.0
44		63.0		23.0		2.0
45		53.0		12.0		6.0
46		32.0		12.0		7.0
47		36.0		26.0		18.0
48		21.0		24.0		28.0
49		17.0		34.0		3.0
50		12.0		24.0		13.0
51		24.0		58.0		19.0
52		27.0		69.0		10.0
53		15.0		77.0		9.0
54		62.0		77.0		20.0
55		49.0		73.0		25.0
56		67.0		5.0		25.0
57		56.0		39.0		36.0
58		37.0		47.0		6.0
59		37.0		56.0		5.0
60		57.0		68.0		15.0
61		47.0		16.0		25.0
62		44.0		17.0		9.0
63		46.0		13.0		8.0
64		49.0		11.0		18.0
65		49.0		42.0		13.0
66		53.0		43.0		14.0
67		61.0		52.0		3.0
68		57.0		48.0		23.0
69		56.0		37.0		6.0
70		55.0		54.0		26.0
71		15.0		47.0		16.0
72		14.0		37.0		11.0
73		11.0		31.0		7.0
74		16.0		22.0		41.0
75		4.0		18.0		35.0
76		28.0		18.0		26.0
77		26.0		52.0		9.0
78		26.0		35.0		15.0
79		31.0		67.0		3.0
80		15.0		19.0		1.0
81		22.0		22.0		2.0
82		18.0		24.0		22.0
83		26.0		27.0		27.0
84		25.0		24.0		20.0
85		22.0		27.0		11.0
86		25.0		21.0		12.0
87		19.0		21.0		10.0
88		20.0		26.0		9.0
89		18.0		18.0		17.0


VEHICLE2
NUMBER		CAPACITY		F2COST		U2COST		FC2COST
10		200.0		1		1		1.0
10		240		1.24		1.24		1.24

DC.NO		XCOORD		YCOORD		CAPACITY		FIXED_COST
0		35.0		35.0
1		41.0		49.0		181.0		1820.0
2		35.0		17.0		172.0		1670.0
3		55.0		45.0		205.0		2000.0
4		55.0		20.0		176.0		1790.0
5		15.0		30.0		174.0		1640.0
6		25.0		30.0		184.0		1910.0
7		20.0		50.0		184.0		2000.0
8		10.0		43.0		200.0		1700.0
9		55.0		60.0		170.0		1960.0
10		30.0		60.0		178.0		1700.0
