CUSTOMER.NUM
101

VEHICLE
NUMBER		CAPACITY		F1COST		U1COST		FCCOST
20		200.0		1.0		1.0		200.0

CUSTOMER
CUST.NO		XCOORD		YCOORD		DEMAND
0		8.0		40.0		40.0
1		8.0		45.0		20.0
2		5.0		35.0		10.0
3		5.0		45.0		10.0
4		2.0		40.0		20.0
5		0.0		40.0		20.0
6		0.0		45.0		20.0
7		44.0		5.0		20.0
8		42.0		10.0		40.0
9		42.0		15.0		10.0
10		40.0		5.0		10.0
11		40.0		15.0		40.0
12		38.0		5.0		30.0
13		38.0		15.0		10.0
14		35.0		5.0		20.0
15		95.0		30.0		30.0
16		95.0		35.0		20.0
17		92.0		30.0		10.0
18		90.0		35.0		10.0
19		88.0		30.0		10.0
20		88.0		35.0		20.0
21		87.0		30.0		10.0
22		85.0		25.0		10.0
23		85.0		35.0		30.0
24		67.0		85.0		20.0
25		65.0		85.0		40.0
26		65.0		82.0		10.0
27		62.0		80.0		30.0
28		60.0		80.0		10.0
29		60.0		85.0		30.0
30		58.0		75.0		20.0
31		55.0		80.0		10.0
32		55.0		85.0		20.0
33		55.0		82.0		10.0
34		20.0		82.0		10.0
35		18.0		80.0		10.0
36		2.0		45.0		10.0
37		42.0		5.0		10.0
38		42.0		12.0		10.0
39		72.0		35.0		30.0
40		55.0		20.0		19.0
41		25.0		30.0		3.0
42		20.0		50.0		5.0
43		55.0		60.0		16.0
44		30.0		60.0		16.0
45		50.0		35.0		19.0
46		30.0		25.0		23.0
47		15.0		10.0		20.0
48		10.0		20.0		19.0
49		15.0		60.0		17.0
50		45.0		65.0		9.0
51		65.0		35.0		3.0
52		65.0		20.0		6.0
53		45.0		30.0		17.0
54		35.0		40.0		16.0
55		41.0		37.0		16.0
56		64.0		42.0		9.0
57		40.0		60.0		21.0
58		31.0		52.0		27.0
59		35.0		69.0		23.0
60		65.0		55.0		14.0
61		63.0		65.0		8.0
62		2.0		60.0		5.0
63		20.0		20.0		8.0
64		5.0		5.0		16.0
65		60.0		12.0		31.0
66		23.0		3.0		7.0
67		8.0		56.0		27.0
68		6.0		68.0		30.0
69		47.0		47.0		13.0
70		49.0		58.0		10.0
71		27.0		43.0		9.0
72		37.0		31.0		14.0
73		57.0		29.0		18.0
74		63.0		23.0		2.0
75		21.0		24.0		28.0
76		12.0		24.0		13.0
77		24.0		58.0		19.0
78		67.0		5.0		25.0
79		37.0		47.0		6.0
80		49.0		42.0		13.0
81		53.0		43.0		14.0
82		61.0		52.0		3.0
83		57.0		48.0		23.0
84		56.0		37.0		6.0
85		55.0		54.0		26.0
86		4.0		18.0		35.0
87		26.0		52.0		9.0
88		26.0		35.0		15.0
89		31.0		67.0		3.0


VEHICLE2
NUMBER		CAPACITY		F2COST		U2COST		FC2COST
10		200.0		1		1		1.0
10		240		1.24		1.24		1.24

DC.NO		XCOORD		YCOORD		CAPACITY		FIXED_COST
0		40.0		50.0
1		25.0		85.0		204.0		2405.0
2		22.0		75.0		215.0		2075.0
3		22.0		85.0		210.0		2365.0
4		20.0		80.0		224.0		2385.0
5		20.0		85.0		195.0		2345.0
6		18.0		75.0		202.0		2185.0
7		15.0		75.0		232.0		2385.0
8		15.0		80.0		220.0		1925.0
9		10.0		35.0		225.0		2265.0
10		10.0		40.0		227.0		2385.0
