CUSTOMER.NUM
26

VEHICLE
NUMBER		CAPACITY		F1COST		U1COST		FCCOST
10		200.0		1.0		1.0		200.0

CUSTOMER
CUST.NO		XCOORD		YCOORD		DEMAND
0		42.0		66.0		10.0
1		42.0		68.0		10.0
2		42.0		65.0		10.0
3		40.0		69.0		20.0
4		40.0		66.0		20.0
5		38.0		68.0		20.0
6		38.0		70.0		10.0
7		35.0		66.0		10.0
8		35.0		69.0		10.0
9		25.0		85.0		20.0
10		22.0		75.0		30.0
11		22.0		85.0		10.0
12		20.0		80.0		40.0
13		20.0		85.0		40.0
14		18.0		75.0		20.0
15		15.0		75.0		20.0
16		15.0		80.0		10.0
17		30.0		50.0		10.0
18		30.0		52.0		20.0
19		28.0		52.0		20.0
20		28.0		55.0		10.0
21		25.0		50.0		10.0
22		25.0		52.0		40.0


VEHICLE2
NUMBER		CAPACITY		F2COST		U2COST		FC2COST
5		200.0		1		1		1.0
5		240		1.24		1.24		1.24

DC.NO		XCOORD		YCOORD		CAPACITY		FIXED_COST
0		40.0		50.0
1		45.0		68.0		507.0		4720.0
2		45.0		70.0		495.0		4800.0
