CUSTOMER.NUM
26

VEHICLE
NUMBER		CAPACITY		F1COST		U1COST		FCCOST
10		700.0		1.7142857142857144		1.7142857142857144		700.0

CUSTOMER
CUST.NO		XCOORD		YCOORD		DEMAND
0		62.0		69.0		10.0
1		60.0		66.0		10.0
2		42.0		65.0		10.0
3		16.0		42.0		20.0
4		58.0		70.0		20.0
5		34.0		60.0		20.0
6		28.0		70.0		10.0
7		35.0		66.0		10.0
8		35.0		69.0		10.0
9		25.0		85.0		20.0
10		22.0		75.0		30.0
11		22.0		85.0		10.0
12		20.0		80.0		40.0
13		20.0		85.0		40.0
14		18.0		75.0		20.0
15		15.0		75.0		20.0
16		15.0		80.0		10.0
17		30.0		50.0		10.0
18		30.0		56.0		20.0
19		28.0		52.0		20.0
20		14.0		66.0		10.0
21		25.0		50.0		10.0
22		22.0		66.0		40.0


VEHICLE2
NUMBER		CAPACITY		F2COST		U2COST		FC2COST
5		700.0		1		1		1.7142857142857144
5		840		2.097142857142857		2.097142857142857		2.097142857142857

DC.NO		XCOORD		YCOORD		CAPACITY		FIXED_COST
0		40.0		50.0
1		52.0		75.0		494.0		4730.0
2		45.0		70.0		499.0		4720.0
