CUSTOMER.NUM
26

VEHICLE
NUMBER		CAPACITY		F1COST		U1COST		FCCOST
10		200.0		1.0		1.0		200.0

CUSTOMER
CUST.NO		XCOORD		YCOORD		DEMAND
0		55.0		45.0		13.0
1		55.0		20.0		19.0
2		15.0		30.0		26.0
3		25.0		30.0		3.0
4		20.0		50.0		5.0
5		10.0		43.0		9.0
6		55.0		60.0		16.0
7		30.0		60.0		16.0
8		20.0		65.0		12.0
9		50.0		35.0		19.0
10		30.0		25.0		23.0
11		15.0		10.0		20.0
12		30.0		5.0		8.0
13		10.0		20.0		19.0
14		5.0		30.0		2.0
15		20.0		40.0		12.0
16		15.0		60.0		17.0
17		45.0		65.0		9.0
18		45.0		20.0		11.0
19		45.0		10.0		18.0
20		55.0		5.0		29.0
21		65.0		35.0		3.0
22		65.0		20.0		6.0


VEHICLE2
NUMBER		CAPACITY		F2COST		U2COST		FC2COST
5		200.0		1		1		1.0
5		240		1.24		1.24		1.24

DC.NO		XCOORD		YCOORD		CAPACITY		FIXED_COST
0		35.0		35.0
1		41.0		49.0		374.0		3550.0
2		35.0		17.0		377.0		3770.0
