CUSTOMER.NUM
26

VEHICLE
NUMBER		CAPACITY		F1COST		U1COST		FCCOST
10		200.0		1.0		1.0		200.0

CUSTOMER
CUST.NO		XCOORD		YCOORD		DEMAND
0		22.0		85.0		10.0
1		20.0		80.0		40.0
2		20.0		85.0		20.0
3		18.0		75.0		20.0
4		15.0		75.0		20.0
5		15.0		80.0		10.0
6		10.0		35.0		20.0
7		10.0		40.0		30.0
8		8.0		40.0		40.0
9		8.0		45.0		20.0
10		5.0		35.0		10.0
11		5.0		45.0		10.0
12		2.0		40.0		20.0
13		0.0		40.0		20.0
14		0.0		45.0		20.0
15		44.0		5.0		20.0
16		42.0		10.0		40.0
17		42.0		15.0		10.0
18		40.0		5.0		10.0
19		40.0		15.0		40.0
20		38.0		5.0		30.0
21		38.0		15.0		10.0
22		35.0		5.0		20.0


VEHICLE2
NUMBER		CAPACITY		F2COST		U2COST		FC2COST
5		200.0		1		1		1.0
5		240		1.24		1.24		1.24

DC.NO		XCOORD		YCOORD		CAPACITY		FIXED_COST
0		40.0		50.0
1		25.0		85.0		553.0		5810.0
2		22.0		75.0		543.0		5420.0
