CUSTOMER.NUM
51

VEHICLE
NUMBER		CAPACITY		F1COST		U1COST		FCCOST
6		200.0		1.0		1.0		200.0

CUSTOMER
CUST.NO		XCOORD		YCOORD		DEMAND
0		40.0		69.0		20.0
1		40.0		66.0		20.0
2		38.0		68.0		20.0
3		38.0		70.0		10.0
4		35.0		66.0		10.0
5		35.0		69.0		10.0
6		25.0		85.0		20.0
7		22.0		75.0		30.0
8		22.0		85.0		10.0
9		20.0		80.0		40.0
10		20.0		85.0		40.0
11		18.0		75.0		20.0
12		15.0		75.0		20.0
13		15.0		80.0		10.0
14		30.0		50.0		10.0
15		30.0		52.0		20.0
16		28.0		52.0		20.0
17		28.0		55.0		10.0
18		25.0		50.0		10.0
19		25.0		52.0		40.0
20		25.0		55.0		10.0
21		23.0		52.0		10.0
22		23.0		55.0		20.0
23		20.0		50.0		10.0
24		20.0		55.0		10.0
25		10.0		35.0		20.0
26		10.0		40.0		30.0
27		8.0		40.0		40.0
28		8.0		45.0		20.0
29		5.0		35.0		10.0
30		5.0		45.0		10.0
31		2.0		40.0		20.0
32		0.0		40.0		30.0
33		0.0		45.0		20.0
34		35.0		30.0		10.0
35		35.0		32.0		10.0
36		33.0		32.0		20.0
37		33.0		35.0		10.0
38		32.0		30.0		10.0
39		30.0		30.0		10.0
40		30.0		32.0		30.0
41		30.0		35.0		10.0
42		28.0		30.0		10.0
43		28.0		35.0		10.0
44		26.0		32.0		10.0


VEHICLE2
NUMBER		CAPACITY		F2COST		U2COST		FC2COST
3		200.0		1		1		1.0
3		240		1.24		1.24		1.24

DC.NO		XCOORD		YCOORD		CAPACITY		FIXED_COST
0		40.0		50.0
1		45.0		68.0		235.0		2410.0
2		45.0		70.0		245.0		2580.0
3		42.0		66.0		219.0		2340.0
4		42.0		68.0		263.0		2620.0
5		42.0		65.0		247.0		2410.0
