CUSTOMER.NUM
51

VEHICLE
NUMBER		CAPACITY		F1COST		U1COST		FCCOST
10		700.0		1.7142857142857144		1.7142857142857144		700.0

CUSTOMER
CUST.NO		XCOORD		YCOORD		DEMAND
0		16.0		42.0		20.0
1		58.0		70.0		20.0
2		34.0		60.0		20.0
3		28.0		70.0		10.0
4		35.0		66.0		10.0
5		35.0		69.0		10.0
6		25.0		85.0		20.0
7		22.0		75.0		30.0
8		22.0		85.0		10.0
9		20.0		80.0		40.0
10		20.0		85.0		40.0
11		18.0		75.0		20.0
12		15.0		75.0		20.0
13		15.0		80.0		10.0
14		30.0		50.0		10.0
15		30.0		56.0		20.0
16		28.0		52.0		20.0
17		14.0		66.0		10.0
18		25.0		50.0		10.0
19		22.0		66.0		40.0
20		8.0		62.0		10.0
21		23.0		52.0		10.0
22		4.0		55.0		20.0
23		20.0		50.0		10.0
24		20.0		55.0		10.0
25		10.0		35.0		20.0
26		10.0		40.0		30.0
27		8.0		40.0		40.0
28		8.0		45.0		20.0
29		5.0		35.0		10.0
30		5.0		45.0		10.0
31		2.0		40.0		20.0
32		0.0		40.0		30.0
33		0.0		45.0		20.0
34		36.0		18.0		10.0
35		35.0		32.0		10.0
36		33.0		32.0		20.0
37		33.0		35.0		10.0
38		32.0		20.0		10.0
39		30.0		30.0		10.0
40		34.0		25.0		30.0
41		30.0		35.0		10.0
42		36.0		40.0		10.0
43		48.0		20.0		10.0
44		26.0		32.0		10.0


VEHICLE2
NUMBER		CAPACITY		F2COST		U2COST		FC2COST
5		700.0		1		1		1.7142857142857144
5		840		2.097142857142857		2.097142857142857		2.097142857142857

DC.NO		XCOORD		YCOORD		CAPACITY		FIXED_COST
0		40.0		50.0
1		52.0		75.0		257.0		2460.0
2		45.0		70.0		253.0		2330.0
3		62.0		69.0		250.0		2310.0
4		60.0		66.0		223.0		2600.0
5		42.0		65.0		216.0		2440.0
