CUSTOMER.NUM
51

VEHICLE
NUMBER		CAPACITY		F1COST		U1COST		FCCOST
20		200.0		1.0		1.0		200.0

CUSTOMER
CUST.NO		XCOORD		YCOORD		DEMAND
0		25.0		30.0		3.0
1		20.0		50.0		5.0
2		10.0		43.0		9.0
3		55.0		60.0		16.0
4		30.0		60.0		16.0
5		20.0		65.0		12.0
6		50.0		35.0		19.0
7		30.0		25.0		23.0
8		15.0		10.0		20.0
9		30.0		5.0		8.0
10		10.0		20.0		19.0
11		5.0		30.0		2.0
12		20.0		40.0		12.0
13		15.0		60.0		17.0
14		45.0		65.0		9.0
15		45.0		20.0		11.0
16		45.0		10.0		18.0
17		55.0		5.0		29.0
18		65.0		35.0		3.0
19		65.0		20.0		6.0
20		45.0		30.0		17.0
21		35.0		40.0		16.0
22		41.0		37.0		16.0
23		64.0		42.0		9.0
24		40.0		60.0		21.0
25		31.0		52.0		27.0
26		35.0		69.0		23.0
27		53.0		52.0		11.0
28		65.0		55.0		14.0
29		63.0		65.0		8.0
30		2.0		60.0		5.0
31		20.0		20.0		8.0
32		5.0		5.0		16.0
33		60.0		12.0		31.0
34		40.0		25.0		9.0
35		42.0		7.0		5.0
36		24.0		12.0		5.0
37		23.0		3.0		7.0
38		11.0		14.0		18.0
39		6.0		38.0		16.0
40		2.0		48.0		1.0
41		8.0		56.0		27.0
42		13.0		52.0		36.0
43		6.0		68.0		30.0
44		47.0		47.0		13.0


VEHICLE2
NUMBER		CAPACITY		F2COST		U2COST		FC2COST
10		200.0		1		1		1.0
10		240		1.24		1.24		1.24

DC.NO		XCOORD		YCOORD		CAPACITY		FIXED_COST
0		35.0		35.0
1		41.0		49.0		209.0		2202.0
2		35.0		17.0		205.0		1902.0
3		55.0		45.0		194.0		2162.0
4		55.0		20.0		225.0		1842.0
5		15.0		30.0		198.0		2202.0
