CUSTOMER.NUM
51

VEHICLE
NUMBER		CAPACITY		F1COST		U1COST		FCCOST
20		200.0		1.0		1.0		200.0

CUSTOMER
CUST.NO		XCOORD		YCOORD		DEMAND
0		18.0		75.0		20.0
1		15.0		75.0		20.0
2		15.0		80.0		10.0
3		10.0		35.0		20.0
4		10.0		40.0		30.0
5		8.0		40.0		40.0
6		8.0		45.0		20.0
7		5.0		35.0		10.0
8		5.0		45.0		10.0
9		2.0		40.0		20.0
10		0.0		40.0		20.0
11		0.0		45.0		20.0
12		44.0		5.0		20.0
13		42.0		10.0		40.0
14		42.0		15.0		10.0
15		40.0		5.0		10.0
16		40.0		15.0		40.0
17		38.0		5.0		30.0
18		38.0		15.0		10.0
19		35.0		5.0		20.0
20		95.0		30.0		30.0
21		95.0		35.0		20.0
22		92.0		30.0		10.0
23		90.0		35.0		10.0
24		88.0		30.0		10.0
25		88.0		35.0		20.0
26		87.0		30.0		10.0
27		85.0		25.0		10.0
28		85.0		35.0		30.0
29		67.0		85.0		20.0
30		65.0		85.0		40.0
31		65.0		82.0		10.0
32		62.0		80.0		30.0
33		60.0		80.0		10.0
34		60.0		85.0		30.0
35		58.0		75.0		20.0
36		55.0		80.0		10.0
37		55.0		85.0		20.0
38		55.0		82.0		10.0
39		20.0		82.0		10.0
40		18.0		80.0		10.0
41		2.0		45.0		10.0
42		42.0		5.0		10.0
43		42.0		12.0		10.0
44		72.0		35.0		30.0


VEHICLE2
NUMBER		CAPACITY		F2COST		U2COST		FC2COST
10		200.0		1		1		1.0
10		240		1.24		1.24		1.24

DC.NO		XCOORD		YCOORD		CAPACITY		FIXED_COST
0		40.0		50.0
1		25.0		85.0		244.0		2755.0
2		22.0		75.0		256.0		2495.0
3		22.0		85.0		249.0		2675.0
4		20.0		80.0		250.0		2785.0
5		20.0		85.0		255.0		2625.0
